UCS
20 200
1 1
22
15
7 4
1 9
17 3
6 89
15 3
10 45
9 160
18 120
19 30
2 178
2 169
17 89
16 12
15 45
14 99
56 57 59 30 12 10 50 34 56 78 88 120 15 12 14 23 45 200 99 60 
21 34 77 89 60 98 99 72 73 79 97 67 89 87 39 24 19 14 79 90
28 43 44 43 97 12 45 32 67 90 92 58 61 71 84 42 53 80 87 112
35 12 99 32 27 80 98 29 38 42 59 84 44 33 26 16 19 34 51 29
118 14 36 78 45 36 32 26 78 90 83 45 43 89 90 87 89 11 24 89
99 30 90 112 29 89 99 79 87 51 24 200 14 80 34 11 45 19 53 19
45 113 12 116 97 67 45 29 59 77 74 99 36 90 12 21 28 49 83 71
56 57 59 30 12 10 50 34 56 78 88 120 15 12 14 23 45 200 99 60
21 34 77 89 60 98 99 72 73 79 97 67 89 87 39 24 19 14 79 90
28 43 74 43 97 12 45 32 67 90 92 58 61 71 84 42 53 80 87 112
135 112 99 32 67 80 98 49 58 72 79 84 44 33 96 16 19 34 51 29
118 100 36 78 45 66 32 56 78 90 83 45 43 89 90 87 89 11 24 89
34 21 35 67 75 32 11 12 24 56 78 65 44 33 22 11 67 87 54 90
12 45 41 113 12 10 9 7 90 98 89 109 90 76 65 53 12 34 12 11
120 21 34 67 43 21 34 56 73 32 45 56 45 67 88 90 98 33 38 90
28 43 74 43 97 12 45 32 67 90 92 58 61 71 84 42 53 80 87 112
135 112 99 32 67 80 98 49 58 72 79 84 44 33 96 16 19 34 51 29
118 100 36 78 45 66 32 56 78 90 83 45 43 89 90 87 89 11 24 89
99 60 90 112 29 89 99 79 87 51 24 200 14 80 34 11 45 19 53 19
109 113 12 116 97 67 45 29 59 77 74 99 36 90 12 21 28 49 83 71
56 57 59 30 12 10 50 34 56 78 88 120 15 12 14 23 45 200 99 60 
21 34 77 89 60 98 99 72 73 79 97 67 89 87 39 24 19 14 79 90
28 43 74 43 97 12 45 32 67 90 92 58 61 71 84 42 53 80 87 112
135 112 99 32 67 80 98 49 58 72 79 84 44 33 96 16 19 34 51 29
118 100 36 78 45 66 32 56 78 90 83 45 43 89 90 87 89 11 24 89
99 60 90 112 29 89 99 79 87 51 24 200 14 80 34 11 45 19 53 19
109 113 12 116 97 67 45 29 59 77 74 99 36 90 12 21 28 49 83 71
56 57 59 30 12 10 50 34 56 78 88 120 15 12 14 23 45 200 99 60
21 34 77 89 60 98 99 72 73 79 97 67 89 87 39 24 19 14 79 90
28 43 74 43 97 12 45 32 67 90 92 58 61 71 84 42 53 80 87 112
135 112 99 32 67 80 98 49 58 72 79 84 44 33 96 16 19 34 51 29
118 100 36 78 45 66 32 56 78 90 83 45 43 89 90 87 89 11 24 89
34 21 35 67 75 32 11 12 24 56 78 65 44 33 22 11 67 87 54 90
12 45 41 113 12 10 9 7 90 98 89 109 90 76 65 53 12 34 12 11
120 21 34 67 43 21 34 56 73 32 45 56 45 67 88 90 98 33 38 90
28 43 74 43 97 12 45 32 67 90 92 58 61 71 84 42 53 80 87 112
135 112 99 32 67 80 98 49 58 72 79 84 44 33 96 16 19 34 51 29
118 100 36 78 45 66 32 56 78 90 83 45 43 89 90 87 89 11 24 89
99 60 90 112 29 89 99 79 87 51 24 200 14 80 34 11 45 19 53 19
109 113 12 116 97 67 45 29 59 77 74 99 36 90 12 21 28 49 83 71
56 57 59 30 12 10 50 34 56 78 88 120 15 12 14 23 45 200 99 60 
21 34 77 89 60 98 99 72 73 79 97 67 89 87 39 24 19 14 79 90
28 43 74 43 97 12 45 32 67 90 92 58 61 71 84 42 53 80 87 112
135 112 99 32 67 80 98 49 58 72 79 84 44 33 96 16 19 34 51 29
118 100 36 78 45 66 32 56 78 90 83 45 43 89 90 87 89 11 24 89
99 60 90 112 29 89 99 79 87 51 24 200 14 80 34 11 45 19 53 19
109 113 12 116 97 67 45 29 59 77 74 99 36 90 12 21 28 49 83 71
56 57 59 30 12 10 50 34 56 78 88 120 15 12 14 23 45 200 99 60
21 34 77 89 60 98 99 72 73 79 97 67 89 87 39 24 19 14 79 90
28 43 74 43 97 12 45 32 67 90 92 58 61 71 84 42 53 80 87 112
135 112 99 32 67 80 98 49 58 72 79 84 44 33 96 16 19 34 51 29
118 100 36 78 45 66 32 56 78 90 83 45 43 89 90 87 89 11 24 89
34 21 35 67 75 32 11 12 24 56 78 65 44 33 22 11 67 87 54 90
12 45 41 113 12 10 9 7 90 98 89 109 90 76 65 53 12 34 12 11
120 21 34 67 43 21 34 56 73 32 45 56 45 67 88 90 98 33 38 90
28 43 74 43 97 12 45 32 67 90 92 58 61 71 84 42 53 80 87 112
135 112 99 32 67 80 98 49 58 72 79 84 44 33 96 16 19 34 51 29
118 100 36 78 45 66 32 56 78 90 83 45 43 89 90 87 89 11 24 89
99 60 90 112 29 89 99 79 87 51 24 200 14 80 34 11 45 19 53 19
109 113 12 116 97 67 45 29 59 77 74 99 36 90 12 21 28 49 83 71
56 57 59 30 12 10 50 34 56 78 88 120 15 12 14 23 45 200 99 60 
21 34 77 89 60 98 99 72 73 79 97 67 89 87 39 24 19 14 79 90
28 43 74 43 97 12 45 32 67 90 92 58 61 71 84 42 53 80 87 112
135 112 99 32 67 80 98 49 58 72 79 84 44 33 96 16 19 34 51 29
118 100 36 78 45 66 32 56 78 90 83 45 43 89 90 87 89 11 24 89
99 60 90 112 29 89 99 79 87 51 24 200 14 80 34 11 45 19 53 19
109 113 12 116 97 67 45 29 59 77 74 99 36 90 12 21 28 49 83 71
56 57 59 30 12 10 50 34 56 78 88 120 15 12 14 23 45 200 99 60
21 34 77 89 60 98 99 72 73 79 97 67 89 87 39 24 19 14 79 90
28 43 74 43 97 12 45 32 67 90 92 58 61 71 84 42 53 80 87 112
135 112 99 32 67 80 98 49 58 72 79 84 44 33 96 16 19 34 51 29
118 100 36 78 45 66 32 56 78 90 83 45 43 89 90 87 89 11 24 89
34 21 35 67 75 32 11 12 24 56 78 65 44 33 22 11 67 87 54 90
12 45 41 113 12 10 9 7 90 98 89 109 90 76 65 53 12 34 12 11
120 21 34 67 43 21 34 56 73 32 45 56 45 67 88 90 98 33 38 90
28 43 74 43 97 12 45 32 67 90 92 58 61 71 84 42 53 80 87 112
135 112 99 32 67 80 98 49 58 72 79 84 44 33 96 16 19 34 51 29
118 100 36 78 45 66 32 56 78 90 83 45 43 89 90 87 89 11 24 89
99 60 90 112 29 89 99 79 87 51 24 200 14 80 34 11 45 19 53 19
109 113 12 116 97 67 45 29 59 77 74 99 36 90 12 21 28 49 83 71
56 57 59 30 12 10 50 34 56 78 88 120 15 12 14 23 45 200 99 60 
21 34 77 89 60 98 99 72 73 79 97 67 89 87 39 24 19 14 79 90
28 43 74 43 97 12 45 32 67 90 92 58 61 71 84 42 53 80 87 112
135 112 99 32 67 80 98 49 58 72 79 84 44 33 96 16 19 34 51 29
118 100 36 78 45 66 32 56 78 90 83 45 43 89 90 87 89 11 24 89
99 60 90 112 29 89 99 79 87 51 24 200 14 80 34 11 45 19 53 19
109 113 12 116 97 67 45 29 59 77 74 99 36 90 12 21 28 49 83 71
56 57 59 30 12 10 50 34 56 78 88 120 15 12 14 23 45 200 99 60
21 34 77 89 60 98 99 72 73 79 97 67 89 87 39 24 19 14 79 90
28 43 74 43 97 12 45 32 67 90 92 58 61 71 84 42 53 80 87 112
135 112 99 32 67 80 98 49 58 72 79 84 44 33 96 16 19 34 51 29
118 100 36 78 45 66 32 56 78 90 83 45 43 89 90 87 89 11 24 89
34 21 35 67 75 32 11 12 24 56 78 65 44 33 22 11 67 87 54 90
12 45 41 113 12 10 9 7 90 98 89 109 90 76 65 53 12 34 12 11
120 21 34 67 43 21 34 56 73 32 45 56 45 67 88 90 98 33 38 90
28 43 74 43 97 12 45 32 67 90 92 58 61 71 84 42 53 80 87 112
135 112 99 32 67 80 98 49 58 72 79 84 44 33 96 16 19 34 51 29
118 100 36 78 45 66 32 56 78 90 83 45 43 89 90 87 89 11 24 89
99 60 90 112 29 89 99 79 87 51 24 200 14 80 34 11 45 19 53 19
109 113 12 116 97 67 45 29 59 77 74 99 36 90 12 21 28 49 83 71
56 57 59 30 12 10 50 34 56 78 88 120 15 12 14 23 45 200 99 60 
21 34 77 89 60 98 99 72 73 79 97 67 89 87 39 24 19 14 79 90
28 43 74 43 97 12 45 32 67 90 92 58 61 71 84 42 53 80 87 112
135 112 99 32 67 80 98 49 58 72 79 84 44 33 96 16 19 34 51 29
118 100 36 78 45 66 32 56 78 90 83 45 43 89 90 87 89 11 24 89
99 60 90 112 29 89 99 79 87 51 24 200 14 80 34 11 45 19 53 19
109 113 12 116 97 67 45 29 59 77 74 99 36 90 12 21 28 49 83 71
56 57 59 30 12 10 50 34 56 78 88 120 15 12 14 23 45 200 99 60
21 34 77 89 60 98 99 72 73 79 97 67 89 87 39 24 19 14 79 90
28 43 74 43 97 12 45 32 67 90 92 58 61 71 84 42 53 80 87 112
135 112 99 32 67 80 98 49 58 72 79 84 44 33 96 16 19 34 51 29
118 100 36 78 45 66 32 56 78 90 83 45 43 89 90 87 89 11 24 89
34 21 35 67 75 32 11 12 24 56 78 65 44 33 22 11 67 87 54 90
12 45 41 113 12 10 9 7 90 98 89 109 90 76 65 53 12 34 12 11
120 21 34 67 43 21 34 56 73 32 45 56 45 67 88 90 98 33 38 90
28 43 74 43 97 12 45 32 67 90 92 58 61 71 84 42 53 80 87 112
135 112 99 32 67 80 98 49 58 72 79 84 44 33 96 16 19 34 51 29
118 100 36 78 45 66 32 56 78 90 83 45 43 89 90 87 89 11 24 89
99 60 90 112 29 89 99 79 87 51 24 200 14 80 34 11 45 19 53 19
109 113 12 116 97 67 45 29 59 77 74 99 36 90 12 21 28 49 83 71
56 57 59 30 12 10 50 34 56 78 88 120 15 12 14 23 45 200 99 60 
21 34 77 89 60 98 99 72 73 79 97 67 89 87 39 24 19 14 79 90
28 43 74 43 97 12 45 32 67 90 92 58 61 71 84 42 53 80 87 112
135 112 99 32 67 80 98 49 58 72 79 84 44 33 96 16 19 34 51 29
118 100 36 78 45 66 32 56 78 90 83 45 43 89 90 87 89 11 24 89
99 60 90 112 29 89 99 79 87 51 24 200 14 80 34 11 45 19 53 19
109 113 12 116 97 67 45 29 59 77 74 99 36 90 12 21 28 49 83 71
56 57 59 30 12 10 50 34 56 78 88 120 15 12 14 23 45 200 99 60
21 34 77 89 60 98 99 72 73 79 97 67 89 87 39 24 19 14 79 90
28 43 74 43 97 12 45 32 67 90 92 58 61 71 84 42 53 80 87 112
135 112 99 32 67 80 98 49 58 72 79 84 44 33 96 16 19 34 51 29
118 100 36 78 45 66 32 56 78 90 83 45 43 89 90 87 89 11 24 89
34 21 35 67 75 32 11 12 24 56 78 65 44 33 22 11 67 87 54 90
12 45 41 113 12 10 9 7 90 98 89 109 90 76 65 53 12 34 12 11
120 21 34 67 43 21 34 56 73 32 45 56 45 67 88 90 98 33 38 90
28 43 74 43 97 12 45 32 67 90 92 58 61 71 84 42 53 80 87 112
135 112 99 32 67 80 98 49 58 72 79 84 44 33 96 16 19 34 51 29
118 100 36 78 45 66 32 56 78 90 83 45 43 89 90 87 89 11 24 89
99 60 90 112 29 89 99 79 87 51 24 200 14 80 34 11 45 19 53 19
109 113 12 116 97 67 45 29 59 77 74 99 36 90 12 21 28 49 83 71
56 57 59 30 12 10 50 34 56 78 88 120 15 12 14 23 45 200 99 60 
21 34 77 89 60 98 99 72 73 79 97 67 89 87 39 24 19 14 79 90
28 43 74 43 97 12 45 32 67 90 92 58 61 71 84 42 53 80 87 112
135 112 99 32 67 80 98 49 58 72 79 84 44 33 96 16 19 34 51 29
118 100 36 78 45 66 32 56 78 90 83 45 43 89 90 87 89 11 24 89
99 60 90 112 29 89 99 79 87 51 24 200 14 80 34 11 45 19 53 19
109 113 12 116 97 67 45 29 59 77 74 99 36 90 12 21 28 49 83 71
56 57 59 30 12 10 50 34 56 78 88 120 15 12 14 23 45 200 99 60
21 34 77 89 60 98 99 72 73 79 97 67 89 87 39 24 19 14 79 90
28 43 74 43 97 12 45 32 67 90 92 58 61 71 84 42 53 80 87 112
135 112 99 32 67 80 98 49 58 72 79 84 44 33 96 16 19 34 51 29
118 100 36 78 45 66 32 56 78 90 83 45 43 89 90 87 89 11 24 89
34 21 35 67 75 32 11 12 24 56 78 65 44 33 22 11 67 87 54 90
12 45 41 113 12 10 9 7 90 98 89 109 90 76 65 53 12 34 12 11
120 21 34 67 43 21 34 56 73 32 45 56 45 67 88 90 98 33 38 90
28 43 74 43 97 12 45 32 67 90 92 58 61 71 84 42 53 80 87 112
135 112 99 32 67 80 98 49 58 72 79 84 44 33 96 16 19 34 51 29
118 100 36 78 45 66 32 56 78 90 83 45 43 89 90 87 89 11 24 89
99 60 90 112 29 89 99 79 87 51 24 200 14 80 34 11 45 19 53 19
109 113 12 116 97 67 45 29 59 77 74 99 36 90 12 21 28 49 83 71
56 57 59 30 12 10 50 34 56 78 88 120 15 12 14 23 45 200 99 60 
21 34 77 89 60 98 99 72 73 79 97 67 89 87 39 24 19 14 79 90
28 43 74 43 97 12 45 32 67 90 92 58 61 71 84 42 53 80 87 112
135 112 99 32 67 80 98 49 58 72 79 84 44 33 96 16 19 34 51 29
118 100 36 78 45 66 32 56 78 90 83 45 43 89 90 87 89 11 24 89
99 60 90 112 29 89 99 79 87 51 24 200 14 80 34 11 45 19 53 19
109 113 12 116 97 67 45 29 59 77 74 99 36 90 12 21 28 49 83 71
56 57 59 30 12 10 50 34 56 78 88 120 15 12 14 23 45 200 99 60
21 34 77 89 60 98 99 72 73 79 97 67 89 87 39 24 19 14 79 90
28 43 74 43 97 12 45 32 67 90 92 58 61 71 84 42 53 80 87 112
135 112 99 32 67 80 98 49 58 72 79 84 44 33 96 16 19 34 51 29
118 100 36 78 45 66 32 56 78 90 83 45 43 89 90 87 89 11 24 89
34 21 35 67 75 32 11 12 24 56 78 65 44 33 22 11 67 87 54 90
12 45 41 113 12 10 9 7 90 98 89 109 90 76 65 53 12 34 12 11
120 21 34 67 43 21 34 56 73 32 45 56 45 67 88 90 98 33 38 90
28 43 74 43 97 12 45 32 67 90 92 58 61 71 84 42 53 80 87 112
135 112 99 32 67 80 98 49 58 72 79 84 44 33 96 16 19 34 51 29
118 100 36 78 45 66 32 56 78 90 83 45 43 89 90 87 89 11 24 89
99 60 90 112 29 89 99 79 87 51 24 200 14 80 34 11 45 19 53 19
109 113 12 116 97 67 45 29 59 77 74 99 36 90 12 21 28 49 83 71
56 57 59 30 12 10 50 34 56 78 88 120 15 12 14 23 45 200 99 60 
21 34 77 89 60 98 99 72 73 79 97 67 89 87 39 24 19 14 79 90
28 43 74 43 97 12 45 32 67 90 92 58 61 71 84 42 53 80 87 112
135 112 99 32 67 80 98 49 58 72 79 84 44 33 96 16 19 34 51 29
118 100 36 78 45 66 32 56 78 90 83 45 43 89 90 87 89 11 24 89
99 60 90 112 29 89 99 79 87 51 24 200 14 80 34 11 45 19 53 19
109 113 12 116 97 67 45 29 59 77 74 99 36 90 12 21 28 49 83 71
56 57 59 30 12 10 50 34 56 78 88 120 15 12 14 23 45 200 99 60
21 34 77 89 60 98 99 72 73 79 97 67 89 87 39 24 19 14 79 90
28 43 74 43 97 12 45 32 67 90 92 58 61 71 84 42 53 80 87 112
135 112 99 32 67 80 98 49 58 72 79 84 44 33 96 16 19 34 51 29
118 100 36 78 45 66 32 56 78 90 83 45 43 89 90 87 89 11 24 89
34 21 35 67 75 32 11 12 24 56 78 65 44 33 22 11 67 87 54 90
12 45 41 113 12 10 9 7 90 98 89 109 90 76 65 53 12 34 12 11
120 21 34 67 43 21 34 56 73 32 45 56 45 67 88 90 98 33 38 90
28 43 74 43 97 12 45 32 67 90 92 58 61 71 84 42 53 80 87 112
135 112 99 32 67 80 98 49 58 72 79 84 44 33 96 16 19 34 51 29
118 100 36 78 45 66 32 56 78 90 83 45 43 89 90 87 89 11 24 89
99 60 90 112 29 89 99 79 87 51 24 200 14 80 34 11 45 19 53 19
109 113 12 116 97 67 45 29 59 77 74 99 36 90 12 21 28 49 83 71